MAE: 47.47932551587301
RMSE: 57.255333197870684
